Altitude,latitude,longitude,Date,Time,MCC,MNC,PCI,EARFCN,CellID,LAC,RSRP,RSRQ,RSSI,SINR,NB1_EARFCN,NB1_PCI,NB1_RSRQ,NB1_RSRP,NB1_RSSI,NB2_EARFCN,NB2_PCI,NB2_RSRQ,NB2_RSRP,NB2_RSSI,NB3_EARFCN,NB3_PCI,NB3_RSRQ,NB3_RSRP,NB3_RSSI,NB4_EARFCN,NB4_PCI,NB4_RSRQ,NB4_RSRP,NB4_RSSI,NB5_EARFCN,NB5_PCI,NB5_RSRQ,NB5_RSRP,NB5_RSSI,NB6_EARFCN,NB6_PCI,NB6_RSRQ,NB6_RSRP,NB6_RSSI,NB7_EARFCN,NB7_PCI,NB7_RSRQ,NB7_RSRP,NB7_RSSI,NB8_EARFCN,NB8_PCI,NB8_RSRQ,NB8_RSRP,NB8_RSSI,NB9_EARFCN,NB9_PCI,NB9_RSRQ,NB9_RSRP,NB9_RSSI,NB10_EARFCN,NB10_PCI,NB10_RSRQ,NB10_RSRP,NB10_RSSI
250,38.91565745,-95.31780713333333,2025/Jan/16,12:20:10,311,480,203,2300,216253.32,55302,-104,-13,-70,6,2300,203,-13,-104,-70,2300,386,-12,-104,-84,
250,38.91565678333333,-95.31780763333333,2025/Jan/16,12:20:15,311,480,203,2300,216253.32,55302,-106,-14,-72,9,2300,203,-13,-105,-71,2300,386,-12,-104,-84,2300,202,-20,-114,-85,
250,38.91565681666667,-95.31780761666667,2025/Jan/16,12:20:18,311,480,203,2300,216253.32,55302,-104,-13,-70,9,2300,203,-13,-104,-70,2300,386,-12,-101,-80,2300,202,-20,-112,-80,
250,38.9156568,-95.31780753333334,2025/Jan/16,12:20:21,311,480,386,2300,216150.32,55302,-104,-13,-70,10,2300,386,-11,-103,-72,2300,203,-13,-105,-83,
250,38.91565681666667,-95.31780756666667,2025/Jan/16,12:20:26,311,480,386,2300,216150.32,55302,-103,-12,-71,11,2300,386,-12,-103,-71,2300,203,-12,-105,-84,
250,38.91565683333334,-95.31780756666667,2025/Jan/16,12:20:29,311,480,386,2300,216150.32,55302,-104,-13,-71,10,2300,386,-13,-104,-71,2300,203,-12,-105,-84,
250,38.91565683333334,-95.31780756666667,2025/Jan/16,12:20:33,311,480,386,2300,216150.32,55302,-105,-13,-72,7,2300,203,-12,-104,-72,2300,386,-13,-105,-72,2300,202,-19,-110,-82,
250,38.91565683333334,-95.3178075,2025/Jan/16,12:20:36,311,480,203,2300,216253.32,55302,-103,-12,-70,10,2300,203,-12,-103,-70,2300,386,-10,-101,-82,
250,38.915656866666666,-95.31780748333334,2025/Jan/16,12:20:39,311,480,203,2300,216253.32,55302,-104,-12,-72,9,2300,203,-12,-104,-72,2300,386,-10,-103,-85,
250,38.9156569,-95.31780741666667,2025/Jan/16,12:20:42,311,480,203,2300,216253.32,55302,-104,-16,-67,9,2300,203,-16,-104,-67,2300,386,-10,-103,-85,
250,38.915656866666666,-95.31780731666667,2025/Jan/16,12:20:45,311,480,203,2300,216253.32,55302,-103,-13,-70,8,2300,203,-13,-103,-70,2300,386,-11,-103,-84,
250,38.91565683333334,-95.31780723333334,2025/Jan/16,12:20:48,311,480,203,2300,216253.32,55302,-104,-13,-70,8,2300,203,-13,-104,-70,2300,386,-9,-101,-83,
250,38.91565678333333,-95.31780718333333,2025/Jan/16,12:20:51,311,480,203,2300,216253.32,55302,-103,-13,-70,9,2300,203,-13,-103,-70,2300,386,-15,-103,-80,2300,202,-18,-106,-80,
250,38.915656733333336,-95.31780703333334,2025/Jan/16,12:20:56,311,480,203,2300,216253.32,55302,-104,-14,-69,6,2300,203,-14,-104,-69,2300,386,-10,-100,-81,2300,202,-20,-112,-81,
250,38.91565671666667,-95.31780698333333,2025/Jan/16,12:20:59,311,480,203,2300,216253.32,55302,-102,-11,-70,11,2300,203,-11,-102,-70,2300,386,-13,-102,-81,2300,202,-18,-106,-80,
250,38.915656733333336,-95.31780686666667,2025/Jan/16,12:21:03,311,480,203,2300,216253.32,55302,-102,-13,-68,7,2300,203,-13,-105,-72,2300,386,-9,-102,-84,2300,202,-20,-111,-83,
250,38.9156567,-95.3178068,2025/Jan/16,12:21:08,311,480,203,2300,216253.32,55302,-102,-11,-70,8,2300,203,-11,-102,-70,2300,386,-12,-103,-82,2300,202,-18,-108,-82,
250,38.91565671666667,-95.31780673333333,2025/Jan/16,12:21:11,311,480,203,2300,216253.32,55302,-102,-14,-68,6,2300,203,-14,-102,-68,2300,386,-12,-102,-83,2300,202,-19,-110,-83,
250,38.91565668333333,-95.31780673333333,2025/Jan/16,12:21:14,311,480,203,2300,216253.32,55302,-104,-12,-71,9,2300,203,-12,-104,-71,2300,386,-12,-105,-84,2300,202,-19,-112,-84,
250,38.9156567,-95.31780665,2025/Jan/16,12:21:17,311,480,203,2300,216253.32,55302,-104,-18,-66,8,2300,203,-12,-103,-70,2300,202,-19,-110,-83,2300,386,-15,-109,-82,
250,38.91565665,-95.31780646666667,2025/Jan/16,12:21:22,311,480,203,2300,216253.32,55302,-103,-14,-68,9,2300,203,-14,-103,-68,2300,386,-16,-104,-80,2300,202,-18,-107,-80,
250,38.91565666666666,-95.31780633333334,2025/Jan/16,12:21:25,311,480,203,2300,216253.32,55302,-102,-11,-70,6,2300,203,-11,-102,-70,2300,386,-13,-105,-84,2300,202,-20,-112,-84,
250,38.91565668333333,-95.31780631666666,2025/Jan/16,12:21:28,311,480,203,2300,216253.32,55302,-104,-12,-72,10,2300,203,-12,-104,-72,2300,386,-13,-108,-86,2300,202,-18,-114,-86,
250,38.91565668333333,-95.31780626666666,2025/Jan/16,12:21:31,311,480,203,2300,216253.32,55302,-105,-14,-71,10,2300,203,-14,-105,-71,2300,386,-11,-103,-84,2300,202,-18,-111,-84,
250,38.91565671666667,-95.31780618333333,2025/Jan/16,12:21:34,311,480,203,2300,216253.32,55302,-105,-14,-71,9,2300,203,-14,-105,-71,2300,386,-14,-105,-83,2300,202,-19,-110,-83,
250,38.915656766666665,-95.31780608333334,2025/Jan/16,12:21:36,311,480,203,2300,216253.32,55302,-105,-14,-71,9,2300,203,-15,-105,-69,2300,386,-15,-104,-81,2300,202,-20,-112,-81,
250,38.915656733333336,-95.31780605,2025/Jan/16,12:21:40,311,480,203,2300,216253.32,55302,-102,-16,-66,10,2300,203,-16,-102,-66,2300,202,-19,-110,-83,2300,386,-15,-106,-83,
250,38.915656733333336,-95.31780601666667,2025/Jan/16,12:21:43,311,480,203,2300,216253.32,55302,-104,-13,-70,9,2300,203,-13,-104,-70,2300,202,-20,-111,-79,2300,386,-13,-101,-79,
250,38.91565675,-95.31780601666667,2025/Jan/16,12:21:46,311,480,386,2300,216150.32,55302,-104,-14,-70,10,2300,386,-13,-104,-71,2300,203,-12,-102,-82,
250,38.91565678333333,-95.31780598333333,2025/Jan/16,12:21:50,311,480,386,2300,216150.32,55302,-104,-14,-70,10,2300,386,-14,-104,-70,2300,203,-13,-102,-80,
250,38.9156568,-95.31780595,2025/Jan/16,12:21:53,311,480,386,2300,216150.32,55302,-104,-13,-71,9,2300,386,-13,-104,-71,2300,203,-10,-103,-84,
250,38.91565678333333,-95.31780595,2025/Jan/16,12:21:56,311,480,386,2300,216150.32,55302,-106,-14,-71,8,2300,386,-14,-106,-71,2300,203,-11,-104,-85,
250,38.9156568,-95.31780595,2025/Jan/16,12:21:59,311,480,386,2300,216150.32,55302,-105,-12,-72,10,2300,386,-12,-105,-72,2300,203,-12,-106,-86,
250,38.9156568,-95.31780595,2025/Jan/16,12:22:02,311,480,386,2300,216150.32,55302,-105,-14,-69,8,2300,203,-13,-104,-71,2300,386,-15,-105,-67,2300,202,-18,-112,-85,
250,38.91565678333333,-95.31780595,2025/Jan/16,12:22:07,311,480,203,2300,216253.32,55302,-101,-11,-70,10,2300,203,-11,-101,-70,2300,202,-18,-110,-83,
250,38.91565678333333,-95.31780595,2025/Jan/16,12:22:10,311,480,203,2300,216253.32,55302,-104,-12,-72,10,2300,203,-12,-104,-72,2300,202,-18,-111,-85,
250,38.91565678333333,-95.31780588333334,2025/Jan/16,12:22:13,311,480,203,2300,216253.32,55302,-105,-16,-69,9,2300,203,-11,-101,-70,2300,202,-19,-108,-81,2300,386,-13,-102,-81,
250,38.9156568,-95.31780581666666,2025/Jan/16,12:22:20,311,480,203,2300,216253.32,55302,-107,-14,-72,7,2300,203,-14,-107,-72,2300,386,-13,-107,-86,2300,202,-20,-114,-86,
250,38.91565681666667,-95.3178058,2025/Jan/16,12:22:23,311,480,203,2300,216253.32,55302,-106,-13,-72,8,2300,203,-13,-106,-72,2300,202,-15,-112,-89,2300,386,-14,-111,-89,
250,38.91565685,-95.31780571666667,2025/Jan/16,12:22:26,311,480,203,2300,216253.32,55302,-105,-14,-71,7,2300,203,-13,-105,-72,2300,386,-12,-103,-83,2300,202,-18,-110,-83,
250,38.91565683333334,-95.31780563333334,2025/Jan/16,12:22:31,311,480,203,2300,216253.32,55302,-103,-13,-70,10,2300,203,-13,-103,-70,2300,386,-12,-104,-84,2300,202,-20,-113,-84,
250,38.91565681666667,-95.31780566666667,2025/Jan/16,12:22:34,311,480,203,2300,216253.32,55302,-105,-15,-70,9,2300,203,-15,-105,-70,2300,386,-12,-105,-85,2300,202,-17,-112,-86,
250,38.9156568,-95.31780568333333,2025/Jan/16,12:22:37,311,480,203,2300,216253.32,55302,-104,-16,-68,8,2300,203,-14,-105,-70,2300,386,-11,-103,-84,2300,202,-18,-110,-84,
250,38.915656883333334,-95.3178056,2025/Jan/16,12:22:40,311,480,203,2300,216253.32,55302,-103,-16,-67,6,2300,203,-16,-103,-67,2300,386,-16,-103,-79,2300,202,-18,-106,-79,
250,38.91565685,-95.31780563333334,2025/Jan/16,12:22:43,311,480,203,2300,216253.32,55302,-105,-12,-72,8,2300,203,-15,-107,-72,2300,386,-11,-104,-85,2300,202,-18,-113,-85,
250,38.915656733333336,-95.31780568333333,2025/Jan/16,12:22:48,311,480,203,2300,216253.32,55302,-108,-15,-72,7,2300,203,-15,-108,-72,2300,386,-14,-107,-84,2300,202,-20,-119,-84,
250,38.91565668333333,-95.31780575,2025/Jan/16,12:22:51,311,480,203,2300,216253.32,55302,-106,-19,-66,7,2300,203,-19,-106,-66,2300,386,-15,-103,-80,
250,38.91565668333333,-95.31780573333333,2025/Jan/16,12:22:55,311,480,203,2300,216253.32,55302,-105,-14,-71,7,2300,203,-14,-105,-71,2300,386,-12,-103,-83,2300,202,-20,-111,-82,
250,38.915656733333336,-95.31780568333333,2025/Jan/16,12:22:58,311,480,203,2300,216253.32,55302,-105,-14,-70,7,2300,203,-14,-105,-70,2300,386,-11,-102,-83,2300,202,-20,-113,-83,
250,38.9156567,-95.3178057,2025/Jan/16,12:23:01,311,480,203,2300,216253.32,55302,-103,-12,-71,6,2300,203,-12,-103,-71,2300,386,-12,-103,-82,2300,202,-20,-113,-83,
250,38.9156567,-95.31780568333333,2025/Jan/16,12:23:04,311,480,203,2300,216253.32,55302,-105,-14,-68,9,2300,203,-14,-105,-71,2300,386,-12,-104,-85,2300,202,-20,-114,-84,
250,38.91565665,-95.31780571666667,2025/Jan/16,12:23:07,311,480,203,2300,216253.32,55302,-105,-15,-70,9,2300,203,-15,-105,-70,2300,386,-14,-104,-82,2300,202,-20,-120,-82,
250,38.915656633333334,-95.31780563333334,2025/Jan/16,12:23:10,311,480,203,2300,216253.32,55302,-104,-13,-71,10,2300,203,-13,-104,-71,2300,386,-14,-105,-83,2300,202,-20,-116,-83,
250,38.9156566,-95.31780565,2025/Jan/16,12:23:13,311,480,203,2300,216253.32,55302,-103,-13,-68,11,2300,386,-12,-104,-71,
250,38.91565658333333,-95.31780548333333,2025/Jan/16,12:23:18,311,480,386,2300,216150.32,55302,-104,-12,-72,7,2300,386,-12,-104,-72,2300,202,-19,-112,-85,2300,203,-15,-106,-83,
250,38.91565653333333,-95.31780548333333,2025/Jan/16,12:23:21,311,480,386,2300,216150.32,55302,-103,-13,-70,10,2300,386,-13,-103,-70,2300,203,-15,-109,-85,2300,202,-18,-110,-85,
250,38.91565656666667,-95.3178055,2025/Jan/16,12:23:24,311,480,386,2300,216150.32,55302,-103,-12,-71,8,2300,386,-12,-103,-71,2300,203,-10,-104,-86,2300,202,-18,-113,-86,
250,38.91565656666667,-95.3178055,2025/Jan/16,12:23:27,311,480,386,2300,216150.32,55302,-104,-14,-69,8,2300,386,-14,-104,-69,2300,203,-15,-106,-83,2300,202,-20,-112,-83,
250,38.915656483333336,-95.31780545,2025/Jan/16,12:23:30,311,480,386,2300,216150.32,55302,-106,-16,-69,10,2300,386,-16,-106,-69,2300,202,-15,-108,-84,2300,203,-16,-109,-84,
250,38.915656483333336,-95.31780528333333,2025/Jan/16,12:23:33,311,480,386,2300,216150.32,55302,-103,-12,-70,9,2300,386,-12,-103,-70,2300,203,-13,-105,-84,2300,202,-17,-109,-84,
250,38.915656483333336,-95.3178053,2025/Jan/16,12:23:36,311,480,386,2300,216150.32,55302,-106,-15,-70,10,2300,386,-15,-106,-70,2300,203,-12,-104,-84,2300,202,-17,-109,-84,
250,38.91565646666667,-95.3178053,2025/Jan/16,12:23:39,311,480,386,2300,216150.32,55302,-103,-12,-71,10,2300,386,-16,-111,-74,2300,203,-13,-109,-88,2300,202,-16,-112,-88,
250,38.915656483333336,-95.3178052,2025/Jan/16,12:23:44,311,480,386,2300,216150.32,55302,-107,-14,-73,8,2300,386,-14,-107,-73,2300,203,-15,-110,-87,2300,202,-18,-113,-85,
250,38.91565645,-95.3178052,2025/Jan/16,12:23:47,311,480,386,2300,216150.32,55302,-108,-18,-70,6,2300,386,-18,-108,-70,2300,203,-13,-106,-85,2300,202,-17,-110,-85,
250,38.91565645,-95.31780513333334,2025/Jan/16,12:23:50,311,480,386,2300,216150.32,55302,-107,-16,-70,7,2300,386,-16,-107,-70,2300,203,-18,-109,-83,2300,332,-19,-109,-82,2300,202,-18,-109,-83,
250,38.91565646666667,-95.31780506666666,2025/Jan/16,12:23:54,311,480,386,2300,216150.32,55302,-107,-17,-69,4,2300,386,-17,-107,-69,2300,203,-9,-100,-82,2300,202,-18,-108,-82,
250,38.915656416666664,-95.3178051,2025/Jan/16,12:23:57,311,480,386,2300,216150.32,55302,-105,-18,-66,7,2300,386,-18,-105,-66,2300,202,-20,-107,-78,2300,203,-18,-108,-78,
250,38.91565645,-95.31780508333334,2025/Jan/16,12:24:00,311,480,386,2300,216150.32,55302,-108,-17,-71,9,2300,386,-17,-108,-71,2300,203,-13,-106,-85,2300,202,-18,-110,-83,
250,38.91565643333333,-95.3178051,2025/Jan/16,12:24:03,311,480,203,2300,216253.32,55302,-105,-13,-71,8,2300,203,-13,-105,-71,2300,332,-20,-116,-85,2300,386,-13,-105,-84,
250,38.91565643333333,-95.3178051,2025/Jan/16,12:24:06,311,480,203,2300,216253.32,55302,-101,-11,-69,10,2300,203,-11,-101,-69,2300,386,-14,-105,-83,2300,332,-15,-106,-82,
250,38.915656483333336,-95.31780506666666,2025/Jan/16,12:24:09,311,480,203,2300,216253.32,55302,-102,-14,-68,7,2300,203,-14,-102,-68,2300,386,-13,-103,-82,2300,332,-16,-105,-81,
250,38.915656416666664,-95.3178051,2025/Jan/16,12:24:12,311,480,203,2300,216253.32,55302,-99,-13,-66,9,2300,203,-13,-99,-66,2300,386,-10,-98,-80,2300,332,-16,-105,-80,
250,38.91565645,-95.31780505,2025/Jan/16,12:24:15,311,480,203,2300,216253.32,55302,-102,-13,-69,10,2300,203,-13,-102,-69,2300,386,-16,-107,-82,2300,332,-16,-109,-82,
250,38.915656516666665,-95.317805,2025/Jan/16,12:24:18,311,480,203,2300,216253.32,55302,-104,-13,-71,10,2300,203,-13,-104,-71,
250,38.91565656666667,-95.31780496666667,2025/Jan/16,12:24:21,311,480,203,2300,216253.32,55302,-105,-14,-71,9,2300,203,-14,-105,-71,
250,38.9156566,-95.31780493333333,2025/Jan/16,12:24:24,311,480,203,2300,216253.32,55302,-106,-15,-70,10,2300,203,-16,-102,-66,
260,38.91566483333333,-95.31778608333333,2025/Jan/16,12:24:29,311,480,203,2300,216253.32,55302,-98,-16,-61,9,2300,203,-16,-98,-61,
260,38.915674616666664,-95.31774351666667,2025/Jan/16,12:24:32,311,480,203,2300,216253.32,55302,-103,-12,-68,11,2300,203,-12,-103,-68,
250,38.915695316666664,-95.31771138333333,2025/Jan/16,12:24:35,311,480,203,2300,216253.32,55302,-99,-14,-63,9,2300,203,-17,-101,-63,2300,202,-20,-106,-78,2300,386,-15,-100,-77,2300,332,-14,-109,-78,
250,38.91570705,-95.31771365,2025/Jan/16,12:24:41,311,480,203,2300,216253.32,55302,-100,-15,-64,8,2300,203,-15,-100,-64,2300,386,-13,-99,-78,2300,202,-18,-103,-78,2300,332,-13,-99,-78,
250,38.91570728333333,-95.31771513333334,2025/Jan/16,12:24:44,311,480,203,2300,216253.32,55302,-101,-14,-64,8,2300,203,-14,-101,-64,2300,332,-13,-100,-78,2300,386,-15,-100,-77,2300,202,-16,-104,-77,
250,38.915707016666666,-95.31771705,2025/Jan/16,12:24:47,311,480,203,2300,216253.32,55302,-100,-12,-63,9,2300,203,-12,-100,-63,2300,386,-13,-99,-78,2300,332,-14,-101,-77,2300,202,-17,-106,-78,
250,38.91570645,-95.3177171,2025/Jan/16,12:24:50,311,480,386,2300,216150.32,55302,-98,-16,-61,0,2300,386,-14,-98,-63,2300,203,-13,-98,-77,
250,38.91570635,-95.31771715,2025/Jan/16,12:24:53,311,480,386,2300,216150.32,55302,-97,-15,-62,7,2300,386,-15,-97,-62,2300,203,-16,-99,-75,
250,38.91570623333333,-95.31771721666667,2025/Jan/16,12:24:56,311,480,386,2300,216150.32,55302,-99,-14,-64,7,2300,386,-14,-99,-64,2300,203,-15,-101,-78,2300,281,-14,-101,-78,2300,110,-12,-98,-78,2300,332,-15,-104,-78,2300,202,-18,-104,-78,
250,38.91570623333333,-95.31771715,2025/Jan/16,12:24:59,311,480,386,2300,216150.32,55302,-110,-20,-64,4,2300,386,-20,-110,-64,2300,203,-13,-103,-78,2300,332,-12,-98,-78,2300,110,-18,-104,-78,2300,281,-16,-102,-78,
250,38.91570626666667,-95.31771718333333,2025/Jan/16,12:25:02,311,480,203,2300,216253.32,55302,-99,-14,-65,0,2300,203,-14,-99,-65,2300,332,-19,-103,-64,2300,281,-14,-103,-76,2300,386,-15,-102,-76,2300,202,-17,-101,-76,
250,38.91570625,-95.31771716666667,2025/Jan/16,12:25:05,311,480,203,2300,216253.32,55302,-99,-14,-65,8,2300,203,-15,-99,-63,2300,386,-16,-99,-75,2300,332,-15,-98,-75,
250,38.91570565,-95.31771628333334,2025/Jan/16,12:25:10,311,480,332,2300,220252.32,55302,-103,-17,-65,0,2300,332,-17,-103,-65,2300,203,-17,-106,-64,2300,386,-15,-99,-77,
250,38.91571763333334,-95.31771926666667,2025/Jan/16,12:25:13,311,480,386,2300,216150.32,55302,-97,-16,-60,9,2300,386,-16,-97,-60,2300,332,-17,-100,-75,2300,203,-16,-101,-76,
250,38.915764083333336,-95.31773735,2025/Jan/16,12:25:17,311,480,386,2300,216150.32,55302,-103,-15,-64,4,2300,386,-16,-99,-62,2300,203,-15,-101,-75,
250,38.9157935,-95.31773138333334,2025/Jan/16,12:25:20,311,480,386,2300,216150.32,55302,-100,-17,-63,9,2300,386,-17,-100,-63,2300,203,-11,-100,-77,2300,202,-15,-101,-77,
250,38.91582518333333,-95.31772906666667,2025/Jan/16,12:25:23,311,480,203,2300,216253.32,55302,-98,-11,-67,0,2300,203,-11,-98,-67,2300,386,-17,-109,-66,2300,202,-18,-105,-78,
250,38.91586465,-95.31772493333334,2025/Jan/16,12:25:26,311,480,203,2300,216253.32,55302,-98,-13,-65,9,2300,203,-13,-98,-65,2300,386,-11,-96,-77,2300,110,-18,-105,-79,
250,38.91589286666667,-95.3177246,2025/Jan/16,12:25:29,311,480,203,2300,216253.32,55302,-106,-14,-72,9,2300,203,-14,-106,-72,2300,386,-11,-105,-86,2300,110,-13,-107,-86,
250,38.915890766666664,-95.31771473333333,2025/Jan/16,12:25:32,311,480,203,2300,216253.32,55302,-105,-12,-73,10,2300,203,-12,-105,-73,2300,386,-20,-117,-85,2300,110,-20,-114,-85,
250,38.91588715,-95.31771146666667,2025/Jan/16,12:25:35,311,480,203,2300,216253.32,55302,-107,-14,-72,8,2300,203,-14,-107,-72,2300,386,-12,-104,-84,2300,110,-20,-113,-84,
250,38.91588578333333,-95.31770986666666,2025/Jan/16,12:25:38,311,480,203,2300,216253.32,55302,-106,-15,-71,9,2300,203,-15,-106,-71,2300,386,-12,-103,-83,2300,202,-20,-111,-82,
250,38.91588586666667,-95.31771033333334,2025/Jan/16,12:25:41,311,480,203,2300,216253.32,55302,-106,-16,-70,9,2300,203,-16,-106,-70,2300,386,-13,-105,-84,2300,202,-16,-110,-84,
250,38.91588565,-95.31770975,2025/Jan/16,12:25:44,311,480,203,2300,216253.32,55302,-107,-14,-72,10,2300,203,-14,-107,-72,2300,386,-12,-106,-85,2300,202,-16,-111,-85,
250,38.91588551666667,-95.31770958333334,2025/Jan/16,12:25:47,311,480,203,2300,216253.32,55302,-105,-16,-69,9,2300,203,-16,-105,-69,2300,386,-14,-105,-83,2300,202,-15,-107,-83,
250,38.91588543333334,-95.3177095,2025/Jan/16,12:25:50,311,480,203,2300,216253.32,55302,-104,-14,-70,7,2300,203,-14,-104,-70,2300,386,-11,-105,-85,2300,202,-17,-112,-85,
250,38.91588541666667,-95.31770945,2025/Jan/16,12:25:53,311,480,203,2300,216253.32,55302,-106,-15,-70,9,2300,203,-15,-106,-70,2300,386,-12,-103,-83,2300,202,-17,-108,-83,
250,38.91588535,-95.31770938333334,2025/Jan/16,12:25:56,311,480,203,2300,216253.32,55302,-106,-12,-74,9,2300,203,-12,-106,-74,2300,386,-12,-108,-87,2300,202,-17,-112,-88,
250,38.91588531666667,-95.31770931666667,2025/Jan/16,12:25:59,311,480,203,2300,216253.32,55302,-107,-14,-73,7,2300,203,-14,-107,-73,2300,386,-10,-105,-88,2300,202,-19,-115,-88,
250,38.915885233333334,-95.31770923333333,2025/Jan/16,12:26:02,311,480,203,2300,216253.32,55302,-107,-15,-72,7,2300,203,-14,-107,-73,2300,386,-11,-106,-87,2300,202,-16,-113,-87,
250,38.9158852,-95.31770915,2025/Jan/16,12:26:06,311,480,203,2300,216253.32,55302,-106,-14,-71,9,2300,203,-14,-106,-71,2300,386,-12,-105,-84,2300,202,-17,-110,-84,
250,38.9158851,-95.31770908333333,2025/Jan/16,12:26:09,311,480,203,2300,216253.32,55302,-107,-14,-73,9,2300,203,-14,-107,-73,2300,202,-17,-112,-86,
250,38.915885083333336,-95.31770895,2025/Jan/16,12:26:12,311,480,203,2300,216253.32,55302,-107,-14,-72,7,2300,203,-14,-107,-72,2300,202,-16,-111,-87,
250,38.91588506666667,-95.3177089,2025/Jan/16,12:26:16,311,480,203,2300,216253.32,55302,-106,-12,-74,8,2300,203,-12,-106,-74,2300,202,-16,-114,-90,
250,38.91588505,-95.31770888333334,2025/Jan/16,12:26:19,311,480,203,2300,216253.32,55302,-104,-12,-71,8,2300,203,-12,-104,-71,2300,202,-16,-112,-88,
250,38.91588503333333,-95.31770881666667,2025/Jan/16,12:26:22,311,480,203,2300,216253.32,55302,-106,-14,-71,6,2300,203,-14,-106,-71,2300,202,-20,-114,-86,2300,386,-12,-103,-83,
250,38.915885,-95.3177087,2025/Jan/16,12:26:25,311,480,203,2300,216253.32,55302,-107,-15,-71,8,2300,203,-15,-107,-71,2300,386,-12,-105,-85,
250,38.91588496666667,-95.31770861666666,2025/Jan/16,12:26:28,311,480,203,2300,216253.32,55302,-107,-13,-74,7,2300,203,-13,-107,-74,2300,386,-13,-107,-86,2300,202,-18,-112,-86,
250,38.91588493333333,-95.31770855,2025/Jan/16,12:26:31,311,480,203,2300,216253.32,55302,-107,-13,-74,8,2300,203,-13,-107,-74,2300,386,-11,-106,-87,2300,202,-16,-112,-87,
250,38.915884883333334,-95.31770843333334,2025/Jan/16,12:26:35,311,480,203,2300,216253.32,55302,-107,-14,-73,8,2300,203,-14,-107,-73,2300,386,-10,-106,-88,2300,202,-18,-114,-88,
250,38.91588483333334,-95.31770833333333,2025/Jan/16,12:26:39,311,480,203,2300,216253.32,55302,-107,-13,-73,7,2300,203,-13,-107,-73,2300,386,-10,-106,-88,2300,202,-17,-113,-88,
250,38.915884766666665,-95.31770825,2025/Jan/16,12:26:42,311,480,203,2300,216253.32,55302,-107,-15,-72,8,2300,203,-15,-107,-72,2300,386,-11,-105,-86,2300,202,-19,-113,-86,
250,38.91588468333333,-95.31770823333333,2025/Jan/16,12:26:45,311,480,203,2300,216253.32,55302,-107,-15,-72,8,2300,203,-15,-107,-72,2300,386,-11,-106,-87,2300,202,-17,-112,-87,
250,38.91588468333333,-95.31770821666667,2025/Jan/16,12:26:48,311,480,203,2300,216253.32,55302,-107,-13,-74,8,2300,203,-13,-107,-74,2300,386,-11,-106,-87,2300,202,-16,-112,-87,
250,38.915884633333334,-95.31770821666667,2025/Jan/16,12:26:51,311,480,203,2300,216253.32,55302,-107,-14,-73,7,2300,203,-14,-107,-73,2300,386,-11,-106,-87,2300,202,-16,-111,-87,
250,38.915884616666666,-95.31770815,2025/Jan/16,12:26:54,311,480,203,2300,216253.32,55302,-107,-13,-74,7,2300,203,-13,-107,-74,2300,386,-12,-108,-88,2300,202,-18,-113,-88,
250,38.9158846,-95.3177081,2025/Jan/16,12:26:57,311,480,203,2300,216253.32,55302,-104,-16,-68,10,2300,203,-12,-106,-73,2300,386,-13,-107,-86,2300,202,-18,-113,-86,
250,38.915862266666664,-95.31788616666667,2025/Jan/16,12:27:04,311,480,203,2300,216253.32,55302,-106,-13,-72,11,2300,203,-13,-106,-72,2300,386,-13,-108,-86,2300,202,-17,-113,-86,
250,38.915866083333334,-95.31788605,2025/Jan/16,12:27:07,311,480,203,2300,216253.32,55302,-106,-13,-73,11,2300,203,-13,-106,-73,2300,386,-12,-107,-87,2300,202,-18,-113,-87,
250,38.9158649,-95.31788213333333,2025/Jan/16,12:27:10,311,480,203,2300,216253.32,55302,-106,-13,-73,11,2300,203,-14,-108,-73,2300,202,-18,-113,-87,2300,386,-14,-109,-87,
250,38.91586876666667,-95.31788261666667,2025/Jan/16,12:27:15,311,480,203,2300,216253.32,55302,-103,-12,-70,11,2300,203,-12,-103,-70,2300,386,-15,-105,-82,2300,202,-16,-108,-83,
250,38.91586876666667,-95.31788303333333,2025/Jan/16,12:27:18,311,480,203,2300,216253.32,55302,-110,-15,-74,9,2300,203,-15,-110,-74,2300,386,-14,-110,-88,2300,202,-15,-111,-88,
250,38.915868716666665,-95.31788328333333,2025/Jan/16,12:27:21,311,480,203,2300,216253.32,55302,-106,-14,-72,8,2300,203,-14,-106,-72,2300,386,-15,-108,-83,2300,202,-16,-109,-83,
250,38.91586878333333,-95.31788348333333,2025/Jan/16,12:27:24,311,480,203,2300,216253.32,55302,-95,-11,-64,11,2300,203,-11,-95,-64,2300,386,-15,-103,-79,2300,202,-17,-104,-79,
250,38.91588443333333,-95.31783455,2025/Jan/16,12:27:27,311,480,203,2300,216253.32,55302,-99,-12,-65,10,2300,203,-11,-100,-66,2300,202,-15,-106,-81,
250,38.9159049,-95.31775605,2025/Jan/16,12:27:32,311,480,203,2300,216253.32,55302,-98,-11,-66,9,2300,203,-11,-98,-66,2300,202,-16,-103,-79,
250,38.915907266666665,-95.31771011666666,2025/Jan/16,12:27:35,311,480,203,2300,216253.32,55302,-100,-13,-66,11,2300,203,-14,-99,-64,2300,202,-20,-106,-78,2300,386,-9,-96,-78,
240,38.91592235,-95.31768656666667,2025/Jan/16,12:27:39,311,480,203,2300,216253.32,55302,-101,-11,-70,8,2300,203,-11,-101,-70,2300,386,-13,-103,-82,2300,202,-20,-111,-82,
240,38.91591871666667,-95.31769975,2025/Jan/16,12:27:43,311,480,203,2300,216253.32,55302,-103,-13,-70,9,2300,203,-13,-103,-70,2300,386,-15,-109,-84,2300,202,-20,-113,-84,
250,38.915914066666666,-95.31769935,2025/Jan/16,12:27:46,311,480,203,2300,216253.32,55302,-107,-14,-73,6,2300,203,-14,-109,-74,2300,386,-13,-108,-87,2300,202,-20,-115,-87,
250,38.915909033333335,-95.3176996,2025/Jan/16,12:27:50,311,480,203,2300,216253.32,55302,-108,-15,-73,6,2300,203,-15,-108,-73,2300,386,-11,-104,-84,2300,202,-20,-115,-84,
250,38.9159144,-95.31772088333334,2025/Jan/16,12:27:53,311,480,203,2300,216253.32,55302,-106,-14,-72,7,2300,203,-14,-106,-72,2300,386,-12,-105,-85,2300,202,-17,-111,-85,
250,38.91590835,-95.31772816666667,2025/Jan/16,12:27:56,311,480,203,2300,216253.32,55302,-102,-12,-69,7,2300,203,-19,-100,-60,2300,386,-14,-99,-74,2300,202,-20,-108,-74,
250,38.915904983333334,-95.31772913333333,2025/Jan/16,12:28:00,311,480,203,2300,216253.32,55302,-101,-15,-65,9,2300,203,-15,-101,-65,2300,386,-14,-101,-78,2300,202,-15,-102,-78,2300,332,-18,-104,-78,
250,38.9158979,-95.31769821666667,2025/Jan/16,12:28:03,311,480,203,2300,216253.32,55302,-107,-14,-73,10,2300,203,-14,-108,-74,2300,386,-15,-110,-86,2300,202,-20,-114,-86,2300,110,-19,-113,-86,
250,38.915893966666665,-95.3176959,2025/Jan/16,12:28:06,311,480,203,2300,216253.32,55302,-107,-13,-71,6,2300,203,-13,-107,-71,2300,386,-14,-109,-83,
250,38.915893833333335,-95.31770051666666,2025/Jan/16,12:28:09,311,480,203,2300,216253.32,55302,-105,-13,-72,6,2300,203,-14,-109,-75,2300,386,-15,-112,-85,
250,38.91589175,-95.31769993333333,2025/Jan/16,12:28:12,311,480,203,2300,216253.32,55302,-105,-14,-71,6,2300,203,-14,-105,-71,2300,386,-13,-103,-82,2300,202,-20,-113,-82,
250,38.9158919,-95.31770146666666,2025/Jan/16,12:28:15,311,480,386,2300,216150.32,55302,-106,-13,-72,10,2300,386,-13,-106,-72,
250,38.9158919,-95.31770161666667,2025/Jan/16,12:28:18,311,480,386,2300,216150.32,55302,-110,-16,-74,8,2300,386,-16,-110,-74,
250,38.915891783333336,-95.31770145,2025/Jan/16,12:28:21,311,480,386,2300,216150.32,55302,-108,-16,-72,10,2300,386,-16,-108,-72,
250,38.91589175,-95.31770138333333,2025/Jan/16,12:28:24,311,480,386,2300,216150.32,55302,-108,-14,-74,9,2300,386,-13,-107,-73,
250,38.91589173333333,-95.31770133333333,2025/Jan/16,12:28:28,311,480,386,2300,216150.32,55302,-107,-17,-70,10,2300,386,-17,-107,-70,
250,38.91589448333333,-95.31778058333333,2025/Jan/16,12:28:31,311,480,386,2300,216150.32,55302,-104,-15,-69,10,2300,386,-15,-104,-69,2300,203,-12,-102,-82,2300,202,-19,-112,-82,
250,38.915883683333334,-95.31808216666667,2025/Jan/16,12:28:34,311,480,386,2300,216150.32,55302,-90,-12,-56,10,2300,386,-12,-90,-56,2300,203,-12,-90,-70,2300,202,-18,-103,-70,
270,38.91571473333333,-95.31857931666667,2025/Jan/16,12:28:38,311,480,386,2300,216150.32,55302,-93,-13,-55,10,2300,386,-17,-90,-52,2300,203,-12,-85,-65,2300,202,-19,-94,-65,
280,38.91578641666667,-95.31897018333333,2025/Jan/16,12:28:41,311,480,203,2300,216253.32,55302,-86,-14,-52,10,2300,203,-14,-86,-52,2300,386,-12,-90,-64,2300,104,-15,-93,-64,2300,110,-17,-88,-63,
270,38.91610555,-95.31919218333333,2025/Jan/16,12:28:44,311,480,203,2300,216253.32,55302,-95,-17,-52,7,2300,203,-17,-95,-52,2300,386,-12,-86,-66,2300,104,-14,-89,-67,2300,110,-14,-88,-66,
290,38.916539416666666,-95.31911781666666,2025/Jan/16,12:28:47,311,480,104,2300,216144.32,55302,-96,-20,-54,5,2300,386,-16,-92,-55,2300,104,-20,-96,-54,2300,110,-16,-91,-66,2300,203,-16,-90,-66,2300,369,-20,-94,-67,
290,38.916903616666666,-95.31872661666667,2025/Jan/16,12:28:50,311,480,203,2300,216253.32,55302,-92,-15,-57,0,2300,203,-15,-92,-57,2300,110,-15,-97,-68,2300,386,-17,-99,-56,2300,104,-17,-95,-69,
290,38.917086483333335,-95.31809326666666,2025/Jan/16,12:28:53,311,480,203,2300,216253.32,55302,-96,-20,-56,5,2300,203,-20,-96,-56,2300,386,-13,-90,-67,2300,437,-13,-92,-68,
300,38.91713768333334,-95.31720455,2025/Jan/16,12:28:57,311,480,203,2300,216253.32,55302,-94,-19,-54,6,2300,203,-19,-94,-54,2300,437,-17,-101,-67,2300,110,-14,-97,-67,2300,386,-18,-94,-67,
310,38.91709436666667,-95.3163763,2025/Jan/16,12:29:01,311,480,203,2300,216253.32,55302,-90,-18,-52,8,2300,203,-20,-94,-51,2300,110,-20,-99,-64,2300,332,-17,-89,-63,
320,38.91691175,-95.31584273333333,2025/Jan/16,12:29:04,311,480,332,2300,220252.32,55302,-102,-20,-53,1,2300,332,-20,-102,-53,2300,110,-15,-94,-65,2300,203,-20,-93,-65,2300,386,-20,-93,-65,
320,38.91659798333333,-95.31577305,2025/Jan/16,12:29:07,311,480,110,2300,216458.32,55302,-98,-20,-54,4,2300,110,-20,-98,-54,2300,332,-17,-99,-68,2300,203,-18,-99,-67,2300,386,-20,-97,-68,
320,38.916504616666664,-95.31614355,2025/Jan/16,12:29:10,311,480,110,2300,216458.32,55302,-96,-20,-51,5,2300,203,-15,-88,-52,2300,110,-20,-96,-51,2300,437,-18,-90,-64,2300,386,-16,-101,-64,
330,38.91659068333333,-95.31652366666667,2025/Jan/16,12:29:13,311,480,203,2300,216253.32,55302,-92,-17,-55,9,2300,203,-17,-92,-55,2300,437,-17,-93,-68,2300,202,-19,-96,-68,2300,110,-14,-100,-68,
330,38.91677823333333,-95.31683651666667,2025/Jan/16,12:29:16,311,480,203,2300,216253.32,55302,-88,-16,-52,9,2300,203,-16,-88,-52,2300,110,-17,-91,-65,2300,437,-19,-92,-65,
330,38.9170181,-95.3172093,2025/Jan/16,12:29:19,311,480,203,2300,216253.32,55302,-93,-20,-52,6,2300,203,-20,-93,-52,2300,110,-16,-91,-66,2300,369,-17,-91,-65,
330,38.91727095,-95.31757248333334,2025/Jan/16,12:29:22,311,480,203,2300,216253.32,55302,-92,-16,-55,7,2300,203,-16,-92,-55,2300,386,-17,-93,-67,
330,38.917190166666664,-95.3182092,2025/Jan/16,12:29:26,311,480,203,2300,216253.32,55302,-92,-16,-55,6,2300,203,-16,-92,-55,2300,386,-14,-90,-68,2300,369,-20,-96,-68,
330,38.91704668333333,-95.31865431666667,2025/Jan/16,12:29:29,311,480,203,2300,216253.32,55302,-93,-17,-56,6,2300,203,-17,-93,-56,2300,386,-15,-91,-68,2300,113,-20,-100,-71,
320,38.91681965,-95.3190341,2025/Jan/16,12:29:32,311,480,203,2300,216253.32,55302,-90,-14,-54,10,2300,203,-14,-90,-54,2300,437,-19,-93,-66,2300,386,-20,-100,-66,
320,38.9164758,-95.31941781666667,2025/Jan/16,12:29:35,311,480,203,2300,216253.32,55302,-85,-15,-46,8,2300,203,-15,-85,-46,2300,386,-14,-79,-58,2300,437,-16,-83,-57,
330,38.916060683333335,-95.31953903333333,2025/Jan/16,12:29:38,311,480,203,2300,216253.32,55302,-92,-19,-52,7,2300,203,-19,-92,-52,2300,386,-16,-93,-66,2300,437,-15,-91,-66,
320,38.91565143333333,-95.31949381666666,2025/Jan/16,12:29:41,311,480,203,2300,216253.32,55302,-87,-20,-47,6,2300,203,-20,-87,-47,2300,386,-17,-85,-59,2300,104,-19,-87,-59,
320,38.91525033333333,-95.31913776666667,2025/Jan/16,12:29:44,311,480,203,2300,216253.32,55302,-85,-16,-49,7,2300,203,-16,-85,-49,2300,386,-18,-88,-62,
320,38.91502621666667,-95.31853215,2025/Jan/16,12:29:47,311,480,203,2300,216253.32,55302,-85,-16,-48,10,2300,203,-16,-84,-47,2300,386,-13,-84,-62,2300,437,-15,-85,-62,
320,38.9149343,-95.31787335,2025/Jan/16,12:29:50,311,480,203,2300,216253.32,55302,-84,-17,-47,10,2300,203,-16,-85,-49,2300,437,-13,-84,-63,2300,386,-14,-85,-63,
330,38.91485695,-95.31696911666667,2025/Jan/16,12:29:54,311,480,203,2300,216253.32,55302,-89,-17,-51,8,2300,203,-17,-89,-51,2300,386,-13,-88,-65,2300,437,-15,-88,-65,
320,38.91485711666667,-95.31627273333334,2025/Jan/16,12:29:57,311,480,203,2300,216253.32,55302,-90,-17,-51,8,2300,203,-17,-90,-51,2300,386,-13,-86,-64,2300,437,-14,-88,-65,
320,38.914860366666666,-95.31537938333334,2025/Jan/16,12:30:01,311,480,203,2300,216253.32,55302,-89,-18,-51,8,2300,203,-18,-89,-51,2300,386,-16,-86,-62,2300,437,-20,-96,-62,
330,38.914871983333335,-95.3147101,2025/Jan/16,12:30:04,311,480,203,2300,216253.32,55302,-91,-17,-52,6,2300,203,-17,-91,-52,2300,386,-12,-88,-66,
330,38.915026866666665,-95.31408865,2025/Jan/16,12:30:07,311,480,203,2300,216253.32,55302,-93,-18,-55,8,2300,203,-18,-93,-55,2300,202,-17,-92,-67,2300,386,-14,-93,-67,2300,369,-17,-92,-67,2300,256,-15,-90,-66,
330,38.91538981666667,-95.31371453333334,2025/Jan/16,12:30:10,311,480,203,2300,216253.32,55302,-95,-20,-54,7,2300,203,-20,-98,-56,2300,337,-15,-94,-71,2300,202,-20,-100,-69,2300,104,-18,-95,-69,2300,369,-11,-89,-69,2300,386,-15,-92,-69,
330,38.915778616666664,-95.3134508,2025/Jan/16,12:30:13,311,480,369,2300,216158.12,55302,-93,-15,-58,11,2300,369,-15,-93,-58,2300,370,-15,-94,-71,2300,203,-13,-93,-71,
330,38.91618095,-95.31329386666667,2025/Jan/16,12:30:16,311,480,369,2300,216158.12,55302,-91,-14,-57,11,2300,369,-14,-91,-57,2300,370,-15,-92,-69,2300,203,-15,-101,-69,
330,38.91656758333333,-95.31319845,2025/Jan/16,12:30:19,311,480,369,2300,216158.12,55302,-93,-16,-56,7,2300,369,-17,-93,-55,2300,203,-15,-91,-68,2300,110,-19,-95,-68,2300,256,-19,-95,-67,2300,386,-16,-96,-67,
330,38.917231816666664,-95.31343876666666,2025/Jan/16,12:30:25,311,480,203,2300,216253.32,55302,-98,-20,-56,6,2300,203,-20,-98,-56,2300,110,-14,-94,-68,2300,369,-13,-90,-69,
330,38.917416616666664,-95.31375343333333,2025/Jan/16,12:30:28,311,480,369,2300,216158.12,55302,-99,-20,-57,7,2300,369,-20,-107,-59,2300,203,-16,-96,-71,2300,110,-16,-97,-71,2300,370,-17,-105,-71,2300,202,-20,-103,-71,
330,38.91753683333334,-95.31409448333334,2025/Jan/16,12:30:31,311,480,110,2300,216458.32,55302,-97,-20,-56,0,2300,110,-20,-97,-56,2300,203,-20,-104,-58,
330,38.91762955,-95.31445208333334,2025/Jan/16,12:30:34,311,480,110,2300,216458.32,55302,-93,-16,-56,9,2300,110,-16,-93,-56,2300,203,-20,-97,-68,2300,104,-16,-94,-69,2300,386,-16,-97,-69,2300,281,-17,-94,-69,
330,38.91769025,-95.3148054,2025/Jan/16,12:30:37,311,480,110,2300,216458.32,55302,-92,-17,-55,7,2300,110,-15,-92,-56,2300,281,-14,-92,-70,2300,203,-15,-93,-70,2300,386,-15,-94,-70,2300,104,-15,-94,-70,
330,38.91769513333333,-95.31517218333333,2025/Jan/16,12:30:40,311,480,110,2300,216458.32,55302,-95,-19,-55,6,2300,110,-19,-95,-55,2300,281,-13,-90,-69,2300,203,-14,-91,-68,2300,386,-12,-89,-68,2300,104,-13,-91,-69,
330,38.91771421666667,-95.31554628333333,2025/Jan/16,12:30:43,311,480,110,2300,216458.32,55302,-93,-18,-55,8,2300,110,-18,-93,-55,2300,203,-15,-92,-69,2300,332,-20,-97,-69,2300,386,-13,-96,-69,2300,104,-16,-99,-69,
330,38.91772923333333,-95.31591075,2025/Jan/16,12:30:46,311,480,110,2300,216458.32,55302,-95,-17,-57,7,2300,110,-19,-93,-53,2300,203,-16,-94,-66,2300,386,-12,-91,-68,
340,38.917871133333335,-95.31647298333333,2025/Jan/16,12:30:51,311,480,110,2300,216458.32,55302,-94,-19,-55,7,2300,110,-19,-94,-55,2300,203,-15,-94,-70,2300,386,-14,-94,-70,2300,104,-15,-93,-70,2300,369,-16,-99,-70,2300,370,-15,-95,-70,2300,281,-15,-93,-70,
340,38.917956466666666,-95.31683021666667,2025/Jan/16,12:30:54,311,480,110,2300,216458.32,55302,-91,-20,-51,6,2300,110,-20,-91,-51,2300,302,-20,-91,-62,2300,386,-16,-87,-63,2300,104,-20,-91,-62,2300,332,-20,-100,-62,
340,38.9180221,-95.31718445,2025/Jan/16,12:30:57,311,480,386,2300,216150.32,55302,-89,-14,-52,9,2300,386,-14,-89,-52,2300,110,-14,-89,-66,2300,369,-12,-86,-66,2300,203,-19,-92,-65,
340,38.91814255,-95.31763658333334,2025/Jan/16,12:31:01,311,480,386,2300,216150.32,55302,-88,-15,-52,10,2300,386,-15,-88,-52,2300,281,-16,-92,-66,2300,104,-19,-92,-65,
340,38.91813318333333,-95.31800425,2025/Jan/16,12:31:04,311,480,386,2300,216150.32,55302,-89,-14,-55,10,2300,386,-14,-89,-55,2300,104,-14,-90,-68,2300,281,-14,-90,-68,
350,38.91808821666667,-95.31836473333334,2025/Jan/16,12:31:07,311,480,386,2300,216150.32,55302,-92,-16,-56,8,2300,386,-16,-92,-56,2300,104,-16,-95,-68,2300,203,-19,-97,-68,2300,110,-15,-91,-68,2300,170,-18,-96,-68,